Algae(t) = Algae(t - dt) + (A_grow - A_mort) * dt
INIT Algae = 1
A_grow = c_a_grow*Nutrients*Algae*T_limit
A_mort = c_a_mort*Algae
Detritus(t) = Detritus(t - dt) + (A_mort + M_mort - D_decomp - M_d_grow - Out) * dt
INIT Detritus = 10
A_mort = c_a_mort*Algae
M_mort = c_m_mort*Macrophytes
D_decomp = c_decomp*Detritus
M_d_grow = c_md_grow*Detritus*Macrophytes
Out = 0.09
Macrophytes(t) = Macrophytes(t - dt) + (M_grow + M_d_grow - M_mort) * dt
INIT Macrophytes = 3
M_grow = c_m_grow*Nutrients*Macrophytes
M_d_grow = c_md_grow*Detritus*Macrophytes
M_mort = c_m_mort*Macrophytes
Nutrients(t) = Nutrients(t - dt) + (D_decomp + Load - A_grow - M_grow) * dt
INIT Nutrients = 0.2
D_decomp = c_decomp*Detritus
Load = c_load*Precipitation
A_grow = c_a_grow*Nutrients*Algae*T_limit
M_grow = c_m_grow*Nutrients*Macrophytes
c_a_grow = 0.06
c_a_mort = 0.07
c_decomp = 0
c_load = 1.2
c_m_grow = 0.012
c_m_mort = 0.03
c_md_grow = 0.002
T_limit = MAX(0, 0.05*Temperature*EXP(1-0.05*Temperature))
Temperature = SINWAVE(6,730)^2+RANDOM(-4,4)*RANDOM(0,1)
Algae_data = GRAPH(TIME)
(0.00, 1.00), (1.00, 0.93), (2.00, 0.86)
Detritus_data = GRAPH(TIME)
(0.00, 10.0), (1.00, 10.0), (2.00, 10.0), (3.00, 10.0), (4.00, 10.1), (5.00, 10.1), (6.00, 10.0), (7.00, 10.0), (8.00, 10.0), (9.00, 10.0), (10.0, 9.99), (11.0, 9.96), (12.0, 9.94), (13.0, 9.91), (14.0, 9.88), (15.0, 9.85), (16.0, 9.82), (17.0, 9.79), (18.0, 9.76), (19.0, 9.72), (20.0, 9.69), (21.0, 9.66), (22.0, 9.62), (23.0, 9.58), (24.0, 9.55), (25.0, 9.51), (26.0, 9.47), (27.0, 9.44), (28.0, 9.40), (29.0, 9.36), (30.0, 9.33), (31.0, 9.29), (32.0, 9.25), (33.0, 9.21), (34.0, 9.18), (35.0, 9.14), (36.0, 9.10), (37.0, 9.06), (38.0, 9.02), (39.0, 8.98), (40.0, 8.95), (41.0, 8.91), (42.0, 8.87), (43.0, 8.83), (44.0, 8.79), (45.0, 8.75), (46.0, 8.71), (47.0, 8.67), (48.0, 8.63), (49.0, 8.59), (50.0, 8.55), (51.0, 8.51), (52.0, 8.47), (53.0, 8.43), (54.0, 8.40), (55.0, 8.36), (56.0, 8.32), (57.0, 8.28), (58.0, 8.24), (59.0, 8.20), (60.0, 8.16), (61.0, 8.12), (62.0, 8.08), (63.0, 8.04), (64.0, 8.00), (65.0, 7.96), (66.0, 7.92), (67.0, 7.88), (68.0, 7.85), (69.0, 7.81), (70.0, 7.77), (71.0, 7.73), (72.0, 7.70), (73.0, 7.66), (74.0, 7.62), (75.0, 7.59), (76.0, 7.55), (77.0, 7.52), (78.0, 7.48), (79.0, 7.45), (80.0, 7.41), (81.0, 7.38), (82.0, 7.35), (83.0, 7.32), (84.0, 7.29), (85.0, 7.27), (86.0, 7.25), (87.0, 7.23), (88.0, 7.22), (89.0, 7.21), (90.0, 7.20), (91.0, 7.20), (92.0, 7.21), (93.0, 7.23), (94.0, 7.25), (95.0, 7.28), (96.0, 7.32), (97.0, 7.37), (98.0, 7.42), (99.0, 7.48), (100, 7.55), (101, 7.62), (102, 7.70), (103, 7.78), (104, 7.86), (105, 7.94), (106, 8.02), (107, 8.11), (108, 8.20), (109, 8.29), (110, 8.38), (111, 8.46), (112, 8.55), (113, 8.64), (114, 8.72), (115, 8.80), (116, 8.88), (117, 8.95), (118, 9.02), (119, 9.09), (120, 9.15), (121, 9.20), (122, 9.26), (123, 9.31), (124, 9.36), (125, 9.41), (126, 9.46), (127, 9.50), (128, 9.54), (129, 9.58), (130, 9.62), (131, 9.65), (132, 9.69), (133, 9.72), (134, 9.75), (135, 9.77), (136, 9.80), (137, 9.82), (138, 9.84), (139, 9.85), (140, 9.87), (141, 9.88), (142, 9.90), (143, 9.91), (144, 9.93), (145, 9.94), (146, 9.96), (147, 9.97), (148, 9.99), (149, 10.0), (150, 10.0), (151, 10.0), (152, 10.0), (153, 10.0), (154, 10.0), (155, 10.0), (156, 10.0), (157, 10.0), (158, 10.0), (159, 10.0), (160, 10.0), (161, 10.0), (162, 9.99), (163, 9.97), (164, 9.96), (165, 9.94), (166, 9.92), (167, 9.90), (168, 9.88), (169, 9.86), (170, 9.83), (171, 9.80), (172, 9.78), (173, 9.75), (174, 9.72), (175, 9.69), (176, 9.67), (177, 9.64), (178, 9.61), (179, 9.58), (180, 9.56), (181, 9.53), (182, 9.50), (183, 9.47), (184, 9.45), (185, 9.42), (186, 9.39), (187, 9.36), (188, 9.33), (189, 9.30), (190, 9.28), (191, 9.25), (192, 9.22), (193, 9.19), (194, 9.17), (195, 9.14), (196, 9.12), (197, 9.09), (198, 9.07), (199, 9.04), (200, 9.02), (201, 8.99), (202, 8.97), (203, 8.95), (204, 8.92), (205, 8.90), (206, 8.87), (207, 8.85), (208, 8.82), (209, 8.80), (210, 8.78), (211, 8.76), (212, 8.75), (213, 8.74), (214, 8.74), (215, 8.74), (216, 8.74), (217, 8.75), (218, 8.76), (219, 8.77), (220, 8.79), (221, 8.81), (222, 8.83), (223, 8.85), (224, 8.88), (225, 8.91), (226, 8.95), (227, 8.99), (228, 9.04), (229, 9.09), (230, 9.15), (231, 9.21), (232, 9.27), (233, 9.33), (234, 9.40), (235, 9.47), (236, 9.54), (237, 9.62), (238, 9.70), (239, 9.78), (240, 9.87), (241, 9.95), (242, 10.0), (243, 10.1), (244, 10.2), (245, 10.3), (246, 10.3), (247, 10.4), (248, 10.4), (249, 10.5), (250, 10.6), (251, 10.6), (252, 10.7), (253, 10.7), (254, 10.7), (255, 10.8), (256, 10.8), (257, 10.8), (258, 10.9), (259, 10.9), (260, 10.9), (261, 10.9), (262, 10.9), (263, 10.9), (264, 10.9), (265, 10.9), (266, 10.9), (267, 10.9), (268, 10.9), (269, 10.9), (270, 10.9), (271, 10.9), (272, 10.9), (273, 10.9), (274, 10.9), (275, 10.9), (276, 10.9), (277, 10.9), (278, 10.9), (279, 10.9), (280, 10.9), (281, 10.9), (282, 10.9), (283, 10.9), (284, 10.9), (285, 10.9), (286, 10.9), (287, 10.9), (288, 10.9), (289, 10.9), (290, 10.9), (291, 10.9), (292, 10.9), (293, 10.9), (294, 10.9), (295, 10.9), (296, 11.0), (297, 11.0), (298, 11.0), (299, 11.1), (300, 11.1), (301, 11.1), (302, 11.2), (303, 11.2), (304, 11.2), (305, 11.2), (306, 11.3), (307, 11.3), (308, 11.3), (309, 11.3), (310, 11.3), (311, 11.3), (312, 11.4), (313, 11.4), (314, 11.4), (315, 11.4), (316, 11.4), (317, 11.4), (318, 11.3), (319, 11.3), (320, 11.3), (321, 11.3), (322, 11.3), (323, 11.3), (324, 11.2), (325, 11.2), (326, 11.2), (327, 11.2), (328, 11.1), (329, 11.1), (330, 11.1), (331, 11.0), (332, 11.0), (333, 11.0), (334, 10.9), (335, 10.9), (336, 10.9), (337, 10.8), (338, 10.8), (339, 10.8), (340, 10.7), (341, 10.7), (342, 10.6), (343, 10.6), (344, 10.6), (345, 10.5), (346, 10.5), (347, 10.4), (348, 10.4), (349, 10.4), (350, 10.3), (351, 10.3), (352, 10.3), (353, 10.3), (354, 10.2), (355, 10.2), (356, 10.2), (357, 10.1), (358, 10.1), (359, 10.1), (360, 10.1), (361, 10.0), (362, 10.0), (363, 9.99), (364, 9.97), (365, 9.95)
Macrophytes_data = GRAPH(TIME)
(0.00, 2.00), (1.00, 1.96), (2.00, 1.93), (3.00, 1.90), (4.00, 1.86), (5.00, 1.83), (6.00, 1.80), (7.00, 1.76), (8.00, 1.73), (9.00, 1.71), (10.0, 1.70), (11.0, 1.69), (12.0, 1.67), (13.0, 1.66), (14.0, 1.68), (15.0, 1.69), (16.0, 1.71), (17.0, 1.72), (18.0, 1.74), (19.0, 1.76), (20.0, 1.78), (21.0, 1.80), (22.0, 1.82), (23.0, 1.84), (24.0, 1.85), (25.0, 1.87), (26.0, 1.88), (27.0, 1.89), (28.0, 1.90), (29.0, 1.91), (30.0, 1.92), (31.0, 1.93), (32.0, 1.93), (33.0, 1.94), (34.0, 1.94), (35.0, 1.94), (36.0, 1.95), (37.0, 1.95), (38.0, 1.94), (39.0, 1.94), (40.0, 1.94), (41.0, 1.94), (42.0, 1.94), (43.0, 1.94), (44.0, 1.94), (45.0, 1.94), (46.0, 1.93), (47.0, 1.93), (48.0, 1.93), (49.0, 1.93), (50.0, 1.92), (51.0, 1.92), (52.0, 1.92), (53.0, 1.92), (54.0, 1.92), (55.0, 1.92), (56.0, 1.91), (57.0, 1.91), (58.0, 1.90), (59.0, 1.90), (60.0, 1.89), (61.0, 1.88), (62.0, 1.87), (63.0, 1.86), (64.0, 1.85), (65.0, 1.86), (66.0, 1.86), (67.0, 1.87), (68.0, 1.87), (69.0, 1.88), (70.0, 1.88), (71.0, 1.88), (72.0, 1.88), (73.0, 1.88), (74.0, 1.88), (75.0, 1.88), (76.0, 1.89), (77.0, 1.89), (78.0, 1.90), (79.0, 1.92), (80.0, 1.94), (81.0, 1.96), (82.0, 1.97), (83.0, 1.99), (84.0, 2.03), (85.0, 2.10), (86.0, 2.16), (87.0, 2.22), (88.0, 2.28), (89.0, 2.34), (90.0, 2.39), (91.0, 2.47), (92.0, 2.55), (93.0, 2.62), (94.0, 2.68), (95.0, 2.74), (96.0, 2.79), (97.0, 2.83), (98.0, 2.87), (99.0, 2.90), (100, 2.92), (101, 2.93), (102, 2.93), (103, 2.93), (104, 2.92), (105, 2.90), (106, 2.90), (107, 2.89), (108, 2.89), (109, 2.88), (110, 2.87), (111, 2.85), (112, 2.82), (113, 2.80), (114, 2.77), (115, 2.74), (116, 2.71), (117, 2.68), (118, 2.65), (119, 2.61), (120, 2.58), (121, 2.56), (122, 2.55), (123, 2.52), (124, 2.50), (125, 2.48), (126, 2.46), (127, 2.43), (128, 2.41), (129, 2.40), (130, 2.39), (131, 2.37), (132, 2.35), (133, 2.33), (134, 2.31), (135, 2.29), (136, 2.27), (137, 2.24), (138, 2.22), (139, 2.19), (140, 2.20), (141, 2.20), (142, 2.21), (143, 2.21), (144, 2.20), (145, 2.20), (146, 2.19), (147, 2.18), (148, 2.17), (149, 2.15), (150, 2.14), (151, 2.12), (152, 2.10), (153, 2.09), (154, 2.07), (155, 2.05), (156, 2.04), (157, 2.02), (158, 2.00), (159, 1.99), (160, 1.97), (161, 1.95), (162, 1.93), (163, 1.91), (164, 1.88), (165, 1.86), (166, 1.84), (167, 1.82), (168, 1.79), (169, 1.77), (170, 1.74), (171, 1.74), (172, 1.75), (173, 1.74), (174, 1.74), (175, 1.74), (176, 1.74), (177, 1.74), (178, 1.74), (179, 1.74), (180, 1.74), (181, 1.74), (182, 1.73), (183, 1.73), (184, 1.72), (185, 1.71), (186, 1.71), (187, 1.71), (188, 1.71), (189, 1.71), (190, 1.71), (191, 1.71), (192, 1.72), (193, 1.73), (194, 1.73), (195, 1.74), (196, 1.74), (197, 1.74), (198, 1.74), (199, 1.74), (200, 1.74), (201, 1.73), (202, 1.73), (203, 1.72), (204, 1.71), (205, 1.71), (206, 1.70), (207, 1.70), (208, 1.73), (209, 1.77), (210, 1.81), (211, 1.85), (212, 1.88), (213, 1.92), (214, 1.96), (215, 1.99), (216, 2.02), (217, 2.04), (218, 2.06), (219, 2.08), (220, 2.10), (221, 2.11), (222, 2.11), (223, 2.14), (224, 2.18), (225, 2.22), (226, 2.24), (227, 2.26), (228, 2.28), (229, 2.29), (230, 2.31), (231, 2.33), (232, 2.34), (233, 2.34), (234, 2.34), (235, 2.37), (236, 2.38), (237, 2.39), (238, 2.39), (239, 2.39), (240, 2.38), (241, 2.37), (242, 2.36), (243, 2.35), (244, 2.33), (245, 2.32), (246, 2.29), (247, 2.27), (248, 2.25), (249, 2.22), (250, 2.21), (251, 2.19), (252, 2.17), (253, 2.15), (254, 2.13), (255, 2.11), (256, 2.09), (257, 2.06), (258, 2.04), (259, 2.01), (260, 1.99), (261, 1.96), (262, 1.93), (263, 1.92), (264, 1.90), (265, 1.88), (266, 1.86), (267, 1.85), (268, 1.83), (269, 1.81), (270, 1.81), (271, 1.82), (272, 1.83), (273, 1.84), (274, 1.84), (275, 1.84), (276, 1.84), (277, 1.84), (278, 1.83), (279, 1.83), (280, 1.82), (281, 1.84), (282, 1.86), (283, 1.87), (284, 1.88), (285, 1.89), (286, 1.89), (287, 1.90), (288, 1.90), (289, 1.90), (290, 1.90), (291, 1.90), (292, 1.91), (293, 1.94), (294, 1.97), (295, 2.00), (296, 2.02), (297, 2.04), (298, 2.06), (299, 2.07), (300, 2.08), (301, 2.08), (302, 2.08), (303, 2.08), (304, 2.08), (305, 2.08), (306, 2.07), (307, 2.06), (308, 2.05), (309, 2.04), (310, 2.03), (311, 2.01), (312, 2.00), (313, 1.98), (314, 1.96), (315, 1.94), (316, 1.93), (317, 1.91), (318, 1.89), (319, 1.88), (320, 1.87), (321, 1.85), (322, 1.84), (323, 1.82), (324, 1.81), (325, 1.79), (326, 1.77), (327, 1.75), (328, 1.75), (329, 1.76), (330, 1.76), (331, 1.77), (332, 1.77), (333, 1.78), (334, 1.78), (335, 1.78), (336, 1.78), (337, 1.79), (338, 1.80), (339, 1.83), (340, 1.88), (341, 1.92), (342, 1.96), (343, 2.00), (344, 2.04), (345, 2.08), (346, 2.14), (347, 2.21), (348, 2.27), (349, 2.34), (350, 2.40), (351, 2.47), (352, 2.54), (353, 2.60), (354, 2.67), (355, 2.73), (356, 2.78), (357, 2.84), (358, 2.89), (359, 2.94), (360, 2.99), (361, 3.04), (362, 3.09), (363, 3.13), (364, 3.17), (365, 3.24)
Nutrients_data = GRAPH(TIME)
(0.00, 0.2), (1.00, 0.2), (2.00, 0.19), (3.00, 0.19), (4.00, 0.18), (5.00, 0.18), (6.00, 0.17), (7.00, 0.22), (8.00, 0.62), (9.00, 1.07), (10.0, 1.05), (11.0, 1.03), (12.0, 1.01), (13.0, 2.45), (14.0, 2.49), (15.0, 2.44), (16.0, 2.38), (17.0, 2.64), (18.0, 2.72), (19.0, 2.66), (20.0, 2.61), (21.0, 2.54), (22.0, 2.52), (23.0, 2.47), (24.0, 2.41), (25.0, 2.35), (26.0, 2.29), (27.0, 2.24), (28.0, 2.18), (29.0, 2.12), (30.0, 2.07), (31.0, 2.01), (32.0, 2.01), (33.0, 1.96), (34.0, 1.91), (35.0, 1.86), (36.0, 1.81), (37.0, 1.76), (38.0, 1.75), (39.0, 1.90), (40.0, 1.87), (41.0, 1.82), (42.0, 1.78), (43.0, 1.73), (44.0, 1.69), (45.0, 1.64), (46.0, 1.90), (47.0, 1.85), (48.0, 1.80), (49.0, 1.76), (50.0, 1.82), (51.0, 1.86), (52.0, 1.94), (53.0, 1.88), (54.0, 1.84), (55.0, 1.79), (56.0, 1.74), (57.0, 1.70), (58.0, 1.66), (59.0, 1.62), (60.0, 1.58), (61.0, 1.53), (62.0, 1.63), (63.0, 1.58), (64.0, 2.19), (65.0, 2.26), (66.0, 2.20), (67.0, 2.30), (68.0, 2.24), (69.0, 2.18), (70.0, 2.12), (71.0, 2.07), (72.0, 2.01), (73.0, 1.96), (74.0, 2.24), (75.0, 2.31), (76.0, 2.25), (77.0, 2.19), (78.0, 3.03), (79.0, 2.96), (80.0, 2.87), (81.0, 2.80), (82.0, 2.71), (83.0, 4.03), (84.0, 4.72), (85.0, 4.57), (86.0, 4.41), (87.0, 4.43), (88.0, 4.25), (89.0, 4.15), (90.0, 4.93), (91.0, 4.69), (92.0, 4.43), (93.0, 4.17), (94.0, 3.90), (95.0, 3.63), (96.0, 3.36), (97.0, 3.19), (98.0, 2.92), (99.0, 2.65), (100, 2.40), (101, 2.17), (102, 1.95), (103, 1.74), (104, 1.56), (105, 1.95), (106, 1.86), (107, 1.91), (108, 1.70), (109, 1.51), (110, 1.34), (111, 1.22), (112, 1.10), (113, 1.15), (114, 1.02), (115, 0.91), (116, 0.91), (117, 0.82), (118, 0.74), (119, 0.92), (120, 1.18), (121, 1.20), (122, 1.11), (123, 1.11), (124, 1.01), (125, 0.92), (126, 0.84), (127, 1.24), (128, 1.29), (129, 1.19), (130, 1.09), (131, 1.16), (132, 1.07), (133, 0.99), (134, 0.92), (135, 0.85), (136, 0.79), (137, 0.73), (138, 0.68), (139, 1.96), (140, 1.92), (141, 1.80), (142, 1.69), (143, 1.58), (144, 1.48), (145, 1.38), (146, 1.29), (147, 1.21), (148, 1.13), (149, 1.08), (150, 1.02), (151, 0.96), (152, 0.9), (153, 0.85), (154, 1.13), (155, 1.07), (156, 1.02), (157, 0.96), (158, 0.91), (159, 0.87), (160, 0.82), (161, 0.78), (162, 0.75), (163, 0.71), (164, 0.68), (165, 0.65), (166, 0.62), (167, 0.6), (168, 0.57), (169, 0.55), (170, 1.72), (171, 1.75), (172, 1.69), (173, 1.62), (174, 1.57), (175, 1.81), (176, 1.81), (177, 1.75), (178, 1.68), (179, 1.62), (180, 1.57), (181, 1.51), (182, 1.45), (183, 1.40), (184, 1.35), (185, 1.85), (186, 1.79), (187, 1.76), (188, 1.73), (189, 1.67), (190, 1.95), (191, 2.17), (192, 2.11), (193, 2.06), (194, 1.99), (195, 1.98), (196, 1.91), (197, 1.84), (198, 1.77), (199, 1.70), (200, 1.64), (201, 1.58), (202, 1.52), (203, 1.46), (204, 1.51), (205, 1.45), (206, 1.78), (207, 3.70), (208, 3.65), (209, 3.66), (210, 3.52), (211, 3.54), (212, 3.57), (213, 3.41), (214, 3.24), (215, 3.08), (216, 2.91), (217, 2.75), (218, 2.58), (219, 2.43), (220, 2.28), (221, 2.14), (222, 3.15), (223, 3.33), (224, 3.10), (225, 2.88), (226, 2.66), (227, 2.44), (228, 2.26), (229, 2.59), (230, 2.36), (231, 2.14), (232, 1.94), (233, 1.83), (234, 2.54), (235, 2.29), (236, 2.05), (237, 1.83), (238, 1.64), (239, 1.46), (240, 1.29), (241, 1.36), (242, 1.21), (243, 1.07), (244, 0.96), (245, 0.85), (246, 0.76), (247, 0.68), (248, 0.62), (249, 1.06), (250, 0.98), (251, 0.89), (252, 0.81), (253, 0.73), (254, 0.67), (255, 0.61), (256, 0.56), (257, 0.51), (258, 0.51), (259, 0.47), (260, 0.44), (261, 0.41), (262, 0.72), (263, 0.67), (264, 0.83), (265, 0.77), (266, 0.73), (267, 0.68), (268, 0.67), (269, 1.69), (270, 1.99), (271, 1.88), (272, 1.77), (273, 1.67), (274, 1.57), (275, 1.48), (276, 1.39), (277, 1.34), (278, 1.26), (279, 1.18), (280, 2.39), (281, 2.25), (282, 2.12), (283, 1.99), (284, 1.87), (285, 1.75), (286, 1.64), (287, 1.53), (288, 1.59), (289, 1.49), (290, 1.72), (291, 1.80), (292, 3.02), (293, 2.83), (294, 2.63), (295, 2.45), (296, 2.26), (297, 2.10), (298, 1.95), (299, 1.83), (300, 1.70), (301, 1.58), (302, 1.48), (303, 1.37), (304, 1.27), (305, 1.19), (306, 1.11), (307, 1.04), (308, 0.97), (309, 0.91), (310, 0.85), (311, 0.8), (312, 0.75), (313, 0.72), (314, 0.68), (315, 0.69), (316, 0.67), (317, 0.84), (318, 0.87), (319, 0.83), (320, 0.79), (321, 0.76), (322, 0.73), (323, 0.71), (324, 0.68), (325, 0.66), (326, 0.63), (327, 1.17), (328, 1.86), (329, 1.80), (330, 1.75), (331, 1.70), (332, 1.65), (333, 1.61), (334, 1.57), (335, 1.52), (336, 1.90), (337, 2.19), (338, 3.06), (339, 3.50), (340, 3.42), (341, 3.33), (342, 3.24), (343, 3.16), (344, 3.13), (345, 4.24), (346, 4.13), (347, 4.03), (348, 3.93), (349, 4.05), (350, 3.97), (351, 3.85), (352, 3.73), (353, 3.62), (354, 3.49), (355, 3.37), (356, 3.27), (357, 3.16), (358, 3.05), (359, 3.16), (360, 3.05), (361, 2.94), (362, 2.83), (363, 2.74), (364, 3.52), (365, 3.50)
Precipitation = GRAPH(TIME)
(1.00, 0.00), (2.00, 0.00), (3.00, 0.00), (4.00, 0.00), (5.00, 0.00), (6.00, 0.05), (7.00, 0.41), (8.00, 0.46), (9.00, 0.00), (10.0, 0.00), (11.0, 0.00), (12.0, 1.47), (13.0, 0.1), (14.0, 0.00), (15.0, 0.00), (16.0, 0.31), (17.0, 0.14), (18.0, 0.00), (19.0, 0.00), (20.0, 0.00), (21.0, 0.04), (22.0, 0.00), (23.0, 0.00), (24.0, 0.00), (25.0, 0.00), (26.0, 0.00), (27.0, 0.00), (28.0, 0.00), (29.0, 0.00), (30.0, 0.00), (31.0, 0.05), (32.0, 0.00), (33.0, 0.00), (34.0, 0.00), (35.0, 0.00), (36.0, 0.00), (37.0, 0.03), (38.0, 0.2), (39.0, 0.02), (40.0, 0.00), (41.0, 0.00), (42.0, 0.00), (43.0, 0.00), (44.0, 0.00), (45.0, 0.3), (46.0, 0.00), (47.0, 0.00), (48.0, 0.00), (49.0, 0.11), (50.0, 0.09), (51.0, 0.12), (52.0, 0.00), (53.0, 0.00), (54.0, 0.00), (55.0, 0.00), (56.0, 0.00), (57.0, 0.01), (58.0, 0.00), (59.0, 0.00), (60.0, 0.00), (61.0, 0.13), (62.0, 0.00), (63.0, 0.65), (64.0, 0.12), (65.0, 0.00), (66.0, 0.16), (67.0, 0.00), (68.0, 0.00), (69.0, 0.00), (70.0, 0.00), (71.0, 0.00), (72.0, 0.00), (73.0, 0.34), (74.0, 0.13), (75.0, 0.00), (76.0, 0.00), (77.0, 0.91), (78.0, 0.01), (79.0, 0.00), (80.0, 0.01), (81.0, 0.00), (82.0, 1.40), (83.0, 0.82), (84.0, 0.01), (85.0, 0.00), (86.0, 0.19), (87.0, 0.00), (88.0, 0.09), (89.0, 0.97), (90.0, 0.00), (91.0, 0.00), (92.0, 0.00), (93.0, 0.00), (94.0, 0.00), (95.0, 0.00), (96.0, 0.1), (97.0, 0.00), (98.0, 0.00), (99.0, 0.00), (100, 0.00), (101, 0.00), (102, 0.00), (103, 0.00), (104, 0.56), (105, 0.12), (106, 0.26), (107, 0.00), (108, 0.00), (109, 0.00), (110, 0.03), (111, 0.02), (112, 0.17), (113, 0.00), (114, 0.00), (115, 0.1), (116, 0.00), (117, 0.00), (118, 0.25), (119, 0.35), (120, 0.13), (121, 0.02), (122, 0.1), (123, 0.00), (124, 0.00), (125, 0.00), (126, 0.47), (127, 0.15), (128, 0.00), (129, 0.00), (130, 0.15), (131, 0.00), (132, 0.00), (133, 0.00), (134, 0.00), (135, 0.00), (136, 0.00), (137, 0.00), (138, 1.32), (139, 0.09), (140, 0.00), (141, 0.00), (142, 0.00), (143, 0.00), (144, 0.00), (145, 0.00), (146, 0.00), (147, 0.00), (148, 0.02), (149, 0.00), (150, 0.00), (151, 0.00), (152, 0.00), (153, 0.33), (154, 0.00), (155, 0.00), (156, 0.00), (157, 0.00), (158, 0.00), (159, 0.00), (160, 0.00), (161, 0.00), (162, 0.00), (163, 0.00), (164, 0.00), (165, 0.00), (166, 0.00), (167, 0.00), (168, 0.00), (169, 1.19), (170, 0.09), (171, 0.00), (172, 0.00), (173, 0.00), (174, 0.3), (175, 0.07), (176, 0.00), (177, 0.00), (178, 0.00), (179, 0.00), (180, 0.00), (181, 0.00), (182, 0.00), (183, 0.00), (184, 0.55), (185, 0.00), (186, 0.03), (187, 0.03), (188, 0.00), (189, 0.34), (190, 0.29), (191, 0.02), (192, 0.03), (193, 0.00), (194, 0.06), (195, 0.00), (196, 0.00), (197, 0.00), (198, 0.00), (199, 0.00), (200, 0.00), (201, 0.00), (202, 0.00), (203, 0.1), (204, 0.00), (205, 0.38), (206, 1.99), (207, 0.08), (208, 0.15), (209, 0.00), (210, 0.17), (211, 0.19), (212, 0.00), (213, 0.00), (214, 0.00), (215, 0.00), (216, 0.00), (217, 0.00), (218, 0.00), (219, 0.00), (220, 0.00), (221, 1.15), (222, 0.39), (223, 0.00), (224, 0.00), (225, 0.00), (226, 0.00), (227, 0.02), (228, 0.52), (229, 0.00), (230, 0.00), (231, 0.00), (232, 0.08), (233, 0.89), (234, 0.00), (235, 0.00), (236, 0.00), (237, 0.00), (238, 0.00), (239, 0.00), (240, 0.22), (241, 0.00), (242, 0.00), (243, 0.00), (244, 0.00), (245, 0.00), (246, 0.00), (247, 0.00), (248, 0.51), (249, 0.02), (250, 0.00), (251, 0.00), (252, 0.00), (253, 0.00), (254, 0.00), (255, 0.00), (256, 0.00), (257, 0.04), (258, 0.00), (259, 0.00), (260, 0.00), (261, 0.34), (262, 0.00), (263, 0.2), (264, 0.00), (265, 0.00), (266, 0.00), (267, 0.03), (268, 1.06), (269, 0.39), (270, 0.00), (271, 0.00), (272, 0.00), (273, 0.00), (274, 0.00), (275, 0.00), (276, 0.03), (277, 0.00), (278, 0.00), (279, 1.28), (280, 0.00), (281, 0.00), (282, 0.00), (283, 0.00), (284, 0.00), (285, 0.00), (286, 0.00), (287, 0.16), (288, 0.00), (289, 0.33), (290, 0.19), (291, 1.33), (292, 0.00), (293, 0.00), (294, 0.00), (295, 0.00), (296, 0.00), (297, 0.00), (298, 0.02), (299, 0.00), (300, 0.00), (301, 0.02), (302, 0.00), (303, 0.00), (304, 0.00), (305, 0.00), (306, 0.00), (307, 0.00), (308, 0.00), (309, 0.00), (310, 0.00), (311, 0.00), (312, 0.00), (313, 0.00), (314, 0.03), (315, 0.02), (316, 0.2), (317, 0.06), (318, 0.00), (319, 0.00), (320, 0.00), (321, 0.00), (322, 0.00), (323, 0.00), (324, 0.00), (325, 0.00), (326, 0.56), (327, 0.72), (328, 0.00), (329, 0.00), (330, 0.00), (331, 0.00), (332, 0.00), (333, 0.00), (334, 0.00), (335, 0.41), (336, 0.34), (337, 0.92), (338, 0.51), (339, 0.00), (340, 0.00), (341, 0.00), (342, 0.00), (343, 0.04), (344, 1.20), (345, 0.00), (346, 0.00), (347, 0.01), (348, 0.23), (349, 0.05), (350, 0.00), (351, 0.00), (352, 0.00), (353, 0.00), (354, 0.00), (355, 0.01), (356, 0.00), (357, 0.00), (358, 0.22), (359, 0.00), (360, 0.00), (361, 0.00), (362, 0.01), (363, 0.88), (364, 0.12), (365, 0.00)
